기준일자,KOSPI지수-종가-REGIME0,KOSPI지수-종가-REGIME1,KOSPI지수-종가-REGIME2
20030102,0.9890934267408021,0.010873132864166742,3.3440395030911436e-05
20030103,0.9890613288677322,0.010901644827000585,3.702630526769675e-05
20030106,0.9910719005799961,0.008654304277794022,0.00027379514220965444
20030107,0.9921988415944328,0.0076992690684983996,0.00010188933706821684
20030108,0.9899439762148571,0.01004502526352306,1.0998521620208087e-05
20030109,0.9923771944871286,0.007528173469418777,9.463204345235284e-05
20030110,0.9906629588884801,0.009315683607233533,2.135750428631055e-05
20030113,0.9706453154784666,0.02903672750003349,0.0003179570215001463
20030114,0.9761558042912226,0.023581307184371958,0.0002628885244053936
20030115,0.9815975736701484,0.01820647270761115,0.0001959536222400469
20030116,0.9832301368899348,0.01660686422347208,0.00016299888659277112
20030117,0.9926813389105169,0.007296808310654861,2.1852778827826694e-05
20030120,0.9915920031783011,0.008382745426476181,2.525139522254414e-05
20030121,0.990756980953255,0.009212805157807442,3.0213888937347272e-05
20030122,0.9892049701762791,0.01070183627450462,9.319354921640544e-05
20030123,0.9833215722302326,0.016418560419322714,0.00025986735044481943
20030124,0.9854847217147733,0.014116808655576548,0.0003984696296506951
20030127,0.9718174272206496,0.027885544757220496,0.00029702802213035545
20030128,0.9727096006362582,0.02699409634768802,0.00029630301605344973
20030129,0.9311002509229483,0.06792673329893358,0.0009730157781179472
20030130,0.8045003468057923,0.19078382909575492,0.004715824098452788
20030203,0.7053052748708942,0.28633571862500845,0.008359006504097734
20030204,0.019867822974018814,0.9477327844003567,0.03239939262562464
20030205,0.5379447568682987,0.44703447446044303,0.015020768671258223
20030206,0.3986100069885806,0.5799687681228931,0.021421224888525943
20030207,0.13808558105463098,0.8264445668710093,0.03546985207436022
20030210,0.00013199941825059791,0.9365265917769069,0.06334140880484221
20030211,0.02533749554363112,0.9526317918699974,0.02203071258637148
20030212,0.0001028855201211393,0.9025339284107063,0.09736318606917196
20030213,0.00019303847648546564,0.9011058226538649,0.09870113886964922
20030214,0.00012194102413496978,0.9616509698623459,0.038227089113519234
20030217,0.00011510703132772602,0.8875585277391562,0.11232636522951606
20030218,0.0006497337688693514,0.9051409469971499,0.0942093192339812
20030219,0.0008327142233676075,0.9184783856964668,0.08068890008016522
20030220,0.0008419967082458977,0.9684211464090071,0.030736856882746987
20030221,0.001044131386502533,0.9699154659935714,0.029040402619926527
20030224,0.000690654674809056,0.9400197930497224,0.05928955227546842
20030225,0.002336869381276515,0.9485379596057871,0.04912517101293671
20030226,0.0003114853314620131,0.9487049901496493,0.05098352451888881
20030227,0.00021818945995370873,0.9399348024653359,0.05984700807471084
20030228,0.00039835736000114837,0.9771871436162122,0.022414499023786588
20030303,0.0002019357495569671,0.9734955163345055,0.026302547915937176
20030304,0.0012567329345190088,0.9024698738337152,0.09627339323176615
20030305,0.00022412003574085403,0.9616389796501346,0.03813690031412424
20030306,0.00024552233216593167,0.9187265918482055,0.08102788581962843
20030307,2.0226853271465297e-05,0.8449714784642516,0.155008294682477
20030310,1.0686827369608686e-05,0.7836545565488003,0.21633475662382987
20030311,1.2442109174929473e-05,0.6815226480502568,0.3184649098405681
20030312,4.00889576738874e-05,0.7610575793654369,0.23890233167688918
20030313,6.128190647009859e-06,0.42247192894816077,0.5775219428611923
20030314,2.8125854062023305e-05,0.88396795385055,0.11600392029538797
20030317,1.8377351962461302e-05,0.18876974751867023,0.8112118751293678
20030318,1.6404567731758362e-05,0.7570797755012462,0.24290381993102247
20030319,7.303070203068459e-05,0.8410105893333573,0.15891637996461172
20030320,9.456846922720378e-05,0.8234218834315071,0.17648354809926536
20030321,0.0005513101221842893,0.055243028234175026,0.9442056616436408
20030324,0.0007314976111111779,0.8748865087052549,0.12438199368363358
20030325,0.0006465924073237592,0.10739472421089541,0.8919586833817811
20030326,0.00017246163022581424,0.8956935291367556,0.10413400923301892
20030327,0.00013844949681491168,0.8988796685810793,0.10098188192210597
20030328,8.068959063315676e-05,0.06700245109459424,0.9329168593147725
20030331,0.0001678693589133146,0.0791822567490201,0.9206498738920661
20030401,1.73360154994099e-05,0.05464121334891919,0.9453414506355817
20030402,4.566608542167679e-05,0.870819476750698,0.12913485716388012
20030403,4.153917249499134e-05,0.03753363227831014,0.9624248285491951
20030404,4.829960421381665e-05,0.036800762864060935,0.9631509375317249
20030407,0.00022295383322271786,0.8476718274424546,0.1521052187243225
20030408,0.0010188690689089998,0.875618659403698,0.12336247152739344
20030409,0.001915151341865899,0.8337842617795861,0.16430058687854854
20030410,0.0002929799050218787,0.9377506122898306,0.061956407805147315
20030411,0.0004734159427999032,0.9065246856637473,0.09300189839345241
20030414,0.0006515566189444861,0.9581292512613435,0.04121919211971167
20030415,0.010135623160134569,0.9706287097742067,0.0192356670656591
20030416,0.0027386921657028794,0.96568986504045,0.03157144279384712
20030417,0.0023047585449326663,0.9771982528761718,0.020496988578895356
20030418,0.0014794078894138775,0.9857984166859068,0.01272217542467892
20030421,0.003557432113867794,0.9804260087300984,0.016016559156033363
20030422,0.005593638725549607,0.9797711958553701,0.014635165419080767
20030423,0.0025102479092185942,0.9893047540083897,0.008184998082391749
20030424,0.0009063018695028231,0.9864971716447247,0.012596526485772157
20030425,0.001060485848086303,0.9815873018229686,0.017352212328944874
20030428,0.00017102844333492676,0.9780568993664632,0.02177207219020177
20030429,7.80853955680148e-05,0.9737646331805854,0.02615728142384624
20030430,0.00027376804159093856,0.9752257248530647,0.024500507105343933
20030502,0.0003858237440353226,0.9774776569580657,0.022136519297898876
20030506,0.00040559379379438015,0.9784667219392684,0.021127684266937244
20030507,0.008070159924527,0.972128461315859,0.01980137875961378
20030509,0.000931692598177002,0.9816262149259236,0.017442092475898945
20030512,0.0013881582234757121,0.9825781881959614,0.01603365358056319
20030513,0.18858278885294077,0.7947008721158275,0.016716339031231233
20030514,0.007927724995454015,0.9676518921640633,0.024420382840482806
20030515,0.003105445943888145,0.9801775354758256,0.016717018580285826
20030516,0.005108971118603306,0.9774722713127331,0.017418757568663408
20030519,0.004750358232742512,0.9760691863611076,0.019180455406150158
20030520,0.0025216472390784317,0.9772563727377276,0.02022198002319419
20030521,0.0018147313796871122,0.978009256384236,0.020176012236076696
20030522,0.0012521162511738631,0.9789627698904044,0.019785113858421816
20030523,0.000768839403313333,0.9792734500242705,0.01995771057241645
20030526,0.0009358474961416762,0.9808094810453286,0.018254671458529548
20030527,0.00131865328481815,0.9818669752884498,0.01681437142673186
20030528,0.0015180536771243155,0.9827190834277457,0.015762862895129695
20030529,0.002537860809190385,0.9831601355778262,0.014302003612982946
20030530,0.00436244671185102,0.9822257619580677,0.01341179133008101
20030602,0.0073750705665368115,0.9797159278391441,0.01290900159431901
20030603,0.14038321554747066,0.8324262858537685,0.027190498598760614
20030604,0.9779170061855813,0.021869738955228583,0.0002132548591898248
20030605,0.9462345036011242,0.051350391875957926,0.002415104522918144
20030609,0.9728601782845226,0.02680649804524541,0.000333323670231944
20030610,0.8448042708270355,0.15128373841004122,0.003911990762922931
20030611,0.7333187366645878,0.2609955156351176,0.0056857477002947784
20030612,0.9696352434435991,0.030112617848333988,0.00025213870806728336
20030613,0.9888493495066851,0.011091900007101595,5.8750486213252045e-05
20030616,0.991915530358481,0.008020430469949822,6.403917156867648e-05
20030617,0.9866089290979627,0.01322215362785385,0.00016891727418335184
20030618,0.9871160208909603,0.012738116406546878,0.0001458627024932801
20030619,0.989484287267603,0.010426026156186367,8.968657621029989e-05
20030620,0.9893846748538482,0.010541890034709588,7.34351114427684e-05
20030623,0.9901375892975689,0.009799638479757952,6.277222267350553e-05
20030624,0.9907611948096499,0.00918592473577397,5.288045457645818e-05
20030625,0.9910349211931332,0.008918282490509069,4.679631635761533e-05
20030626,0.9913027008213138,0.008653753520788248,4.354565789751273e-05
20030627,0.9914374403459617,0.008520406026239139,4.215362779941364e-05
20030630,0.9914977736855807,0.008460192276178023,4.203403824121677e-05
20030701,0.9916204023947627,0.008337382241314717,4.221536392252332e-05
20030702,0.9915454926915113,0.008409565649574853,4.494165891400318e-05
20030703,0.9909167288290491,0.009030514676534098,5.2756494417092365e-05
20030704,0.9905618252624436,0.009378547536377,5.9627201178879176e-05
20030707,0.9897792546144212,0.010152906131373261,6.783925420539913e-05
20030708,0.9874519070495072,0.012458919407179086,8.917354331314952e-05
20030709,0.9853284730568053,0.014550993413543803,0.000120533529650663
20030710,0.9855985462617929,0.014267176117949506,0.00013427762025776656
20030711,0.9872506402709981,0.012616793306258974,0.00013256642274337712
20030714,0.9875510725164544,0.012320553838647904,0.0001283736448974206
20030715,0.982410172117977,0.01740500558880953,0.00018482229321386222
20030716,0.9830496759426571,0.01674105421085526,0.00020926984648755444
20030718,0.9817825196405806,0.01812388161837291,9.359874104647246e-05
20030721,0.9883079225848767,0.011624766143470957,6.731127165207037e-05
20030722,0.9918245000482403,0.00810795851183708,6.754143992233685e-05
20030723,0.9894383904067169,0.010406038226984647,0.00015557136629879017
20030724,0.9897292707823732,0.010076593596987357,0.0001941356206399837
20030725,0.9882067262033637,0.011186039748607143,0.0006072340480291181
20030728,0.9785918967737758,0.019927918400161494,0.001480184826062485
20030729,0.9673412468761922,0.025762302615394632,0.006896450508413094
20030730,0.9836802830934049,0.010188542591148571,0.006131174315446615
20030731,0.9896256890228785,0.0035661500234390824,0.00680816095368222
20030801,0.9731546039950886,0.021984619407052083,0.004860776597859381
20030804,0.9810028446125881,0.01422449363912921,0.0047726617482825775
20030805,0.9888755662531888,0.0038392363407192985,0.007285197406091319
20030806,0.9804479792194555,0.012187938346605287,0.007364082433939741
20030807,0.9873187042867885,0.009125546833758963,0.0035557488794522732
20030808,0.9887329181859988,0.00806334984372212,0.0032037319702795004
20030811,0.9833384929609594,0.013018426701792384,0.0036430803372483945
20030812,0.9907749690216517,0.006598385175299869,0.0026266458030483712
20030813,0.9913002306514043,0.0062681945518804055,0.0024315747967153813
20030814,0.9934443782317383,0.003916450243877266,0.002639171524384602
20030818,0.9718953516578848,0.026683742210479245,0.0014209061316355816
20030819,0.9800312601373317,0.010798286685605396,0.009170453177063043
20030820,0.9525022109038863,0.0352227794888896,0.012275009607224172
20030821,0.9317758792211444,0.05651108256758989,0.011713038211265441
20030822,0.7713088987872649,0.22003978821234366,0.008651313000391282
20030825,0.5450184165582873,0.44405871571164285,0.010922867730070169
20030826,0.23282139125896917,0.7488517354981502,0.01832687324288078
20030827,0.11025157562532396,0.8648021170385343,0.024946307336141768
20030828,0.03023346829857234,0.9406733988680098,0.029093132833417742
20030829,0.014403383724019248,0.9509866136309536,0.03461000264502692
20030901,0.011770466954718914,0.9577831554760646,0.030446377569216393
20030902,0.008532276892095072,0.9372511742531316,0.054216548854773554
20030903,0.005358960343220753,0.9491229596820033,0.04551807997477593
20030904,0.005253218785296472,0.9479316845954129,0.0468150966192903
20030905,0.006422913559221834,0.9389734111972045,0.05460367524357398
20030908,0.0076027722487524,0.9473288035085409,0.045068424242706684
20030909,0.008812167470914546,0.9480157845601421,0.04317204796894323
20030915,0.005841894370236019,0.9435192299170688,0.050638875712695666
20030916,0.012678412094171487,0.9452878853390448,0.042033702566783473
20030917,0.00840272962761558,0.9506252334011112,0.040972036971273273
20030918,0.005939535146557637,0.9519485764209971,0.042111888432445434
20030919,0.00895623860249375,0.9581606722743327,0.032883089123173476
20030922,0.019661325422984995,0.9452229571052861,0.03511571747172864
20030923,0.08805688013680578,0.8864489927914665,0.025494127071728306
20030924,0.18951498105472647,0.7911800203348099,0.01930499861046374
20030925,0.2969285168209023,0.6872314969853166,0.0158399861937817
20030926,0.4984649890468507,0.4911207888471421,0.010414222106007166
20030929,0.6965236870500662,0.2993161216453766,0.004160191304557501
20030930,0.8707855991239776,0.1270757939014735,0.0021386069745486574
20031001,0.9332390114930142,0.06580333950916673,0.0009576489978185437
20031002,0.9680666811016405,0.031651543279175534,0.00028177561918382135
20031006,0.9366514959243551,0.06282749161056886,0.000521012465076159
20031007,0.9442730515409629,0.055459351826904174,0.0002675966321327259
20031008,0.9620928784680701,0.037720167204839776,0.00018695432709015832
20031009,0.9745545963477684,0.02529782997674719,0.00014757367548496106
20031010,0.9676425574900784,0.032082170361576415,0.0002752721483455777
20031013,0.8150690657992447,0.18362962339807395,0.0013013108026810676
20031014,0.6781758629713677,0.31700574632945505,0.004818390699177195
20031015,0.14866053992611253,0.8442286869360472,0.007110773137840497
20031016,0.08688568537182553,0.8931980925352065,0.019916222092967714
20031017,1.3768015948086773e-05,0.9942877855701016,0.005698446413950382
20031020,6.727231383120777e-05,0.9604634028246801,0.039469324861489255
20031021,1.2575056594835815e-05,0.9587315931832451,0.041255831760160434
20031022,0.004146959510887219,0.9321089133681439,0.06374412712096897
20031023,7.544100120682088e-05,0.915080931054765,0.08484362794402853
20031024,0.010442710875360146,0.9159755538678156,0.07358173525682452
20031027,0.0018625899618619523,0.9633770000470544,0.03476040999108366
20031028,6.711710307892029e-05,0.9665281966568146,0.03340468624010638
20031029,0.0017569521511574433,0.9567412735517102,0.04150177429713203
20031030,0.00017490832713282594,0.9867829627358181,0.013042128937049233
20031031,3.172650418245972e-05,0.9218441007479318,0.0781241727478858
20031103,6.8086835362877e-05,0.9099904430533696,0.08994147011126798
20031104,7.472303879429572e-06,0.9602277533158493,0.039764774380270956
20031105,7.216706936743207e-08,0.8184193428125474,0.18158058502038368
20031106,2.7400133316895746e-07,0.9338331225896448,0.06616660340902246
20031107,1.4243376323783104e-09,0.7747952493421979,0.2252047492334646
20031110,1.5432074362726984e-07,0.9543433012870549,0.04565654439220117
20031111,3.9421220876819105e-11,0.9223208956204904,0.07767910434008807
20031112,3.7712976842447946e-10,0.7205184400807039,0.2794815595421662
20031113,1.3231093879203261e-12,0.7465650952539413,0.25343490474473573
20031114,7.864820695059709e-18,0.6209159755254964,0.37908402447450307
20031117,2.9926225334609524e-17,0.48589953833979177,0.5141004616602083
20031118,1.4606516849096982e-07,0.701230925395958,0.29876892853887327
20031119,7.566651563391728e-15,0.3927679729893512,0.607232027010641
20031120,8.093105976331951e-05,0.7780952739519582,0.22182379498827892
20031121,0.00015209268555989503,0.8509143327633717,0.14893357455106854
20031124,0.00012324042451627756,0.8946834797732801,0.10519327980220343
20031125,0.0034369076233468124,0.9393518861988632,0.057211206177790117
20031126,0.0002933691540728558,0.9628730815277807,0.036833549318146204
20031127,8.869564096617224e-06,0.9652540501722233,0.034737080263679644
20031128,8.825158542025622e-05,0.9543085154277706,0.04560323298680956
20031201,1.9298191379387266e-07,0.9582773912609223,0.04172241575716426
20031202,6.6761095041012565e-09,0.9285341270409364,0.0714658662829542
20031203,1.4395972873695636e-09,0.9253017901608925,0.07469820839950989
20031204,4.8072708082069816e-09,0.8962773292640257,0.10372266592870388
20031205,8.59750153022812e-09,0.8758478160701467,0.12415217533235132
20031208,2.0108376420012196e-06,0.8969490890385209,0.10304890012383686
20031209,1.2372834088787634e-05,0.9563818376268219,0.04360578953908931
20031210,2.0259731186132346e-05,0.9999491356854283,3.060458338541607e-05
20031211,5.08896644274503e-07,0.9303177287284403,0.0696817623749151
20031212,8.225486026122177e-07,0.9370847814665948,0.06291439598480256
20031215,1.1906035543971097e-08,0.9261748892007563,0.07382509889320786
20031216,1.1615570072081738e-11,0.9122159425565013,0.08778405743188283
20031217,4.66154310071178e-10,0.8954431567488035,0.10455684278504242
20031218,9.404472415536477e-08,0.8543750052674155,0.14562490068786016
20031219,1.7329187767980625e-08,0.9123813874464353,0.08761859522437673
20031222,8.790074032442343e-09,0.9350075348236246,0.06499245638630122
20031223,1.0240228942714676e-07,0.9301176198680415,0.06988227772966935
20031224,9.239404798173992e-08,0.9274033731948311,0.07259653441112084
20031226,5.494743697207142e-06,0.7242059009123188,0.27578860434398456
20031229,6.573418079816646e-06,0.8503902101605744,0.14960321642134558
20031230,2.4424496669368253e-06,0.8579751369463904,0.14202242060394243
20040102,3.6581274339887504e-08,0.7335800703452715,0.26641989307345365
20040105,2.329741858548145e-09,0.8133648564280959,0.18663514124216174
20040106,5.663603054552202e-10,0.6071197394462274,0.39288025998741216
20040107,5.651950617600045e-10,0.4913019623840227,0.5086980370507824
20040108,2.5670747342117304e-10,0.6364790275234519,0.36352097221984037
20040109,4.23307591981183e-10,0.36393474838364,0.636065251193052
20040112,8.196407690051249e-17,0.6628278388393116,0.337172161160688
20040113,4.040807329192504e-18,0.3361164218304398,0.6638835781695601
20040114,2.0149835498763305e-18,0.04061008459199209,0.9593899154080076
20040115,2.6728181100937977e-16,0.03694733369815495,0.9630526663018448
20040116,1.3245357891769109e-14,0.0037551224870365795,0.9962448775129505
20040119,7.845453194779615e-13,0.025817101623858394,0.974182898375357
20040120,1.0418364605789456e-18,0.022943991263184263,0.977056008736816
20040126,7.024640364449117e-16,0.005534614019382004,0.9944653859806176
20040127,1.2248529303297996e-21,0.0056673206848302515,0.9943326793151702
20040128,1.218201618916196e-19,0.010524557830044972,0.9894754421699548
20040129,3.760511399417032e-19,0.006688382048945818,0.9933116179510544
20040130,1.2559045853769304e-17,0.008214359080758965,0.9917856409192413
20040202,4.823512121919059e-10,0.0003686134422226382,0.9996313860754262
20040203,1.677660566228547e-11,0.0007336184015224054,0.9992663815817014
20040204,1.0571281615733444e-09,1.521189687641685e-05,0.999984787045995
20040205,1.6071254672545874e-10,7.980350838523499e-07,0.9999992018042038
20040206,2.8196130713448017e-10,2.3708969179003483e-07,0.9999997626283472
20040209,1.864302833410142e-12,2.466987856604689e-07,0.9999997532993502
20040210,6.3529954157588e-15,6.597899514598398e-08,0.9999999340209982
20040211,3.8109440766175027e-10,0.15792201673626594,0.8420779828826398
20040212,1.4493793978927172e-10,0.176378313683308,0.8236216861717544
20040213,2.1011822691878185e-14,0.007465841211245577,0.9925341587887331
20040216,4.882957288855929e-13,0.04897491993343808,0.9510250800660733
20040217,1.6439276106075262e-12,0.022620457361947097,0.9773795426364094
20040218,3.2187600658463986e-08,0.11789124859307445,0.882108719219325
20040219,3.640023526079841e-07,0.04568032581369215,0.9543193101839551
20040220,4.4095134085434474e-11,8.214901358053376e-09,0.9999999917410031
20040223,1.4122317402721445e-12,0.009912690807909772,0.9900873091906777
20040224,1.2916223504709837e-12,0.030715101166941067,0.9692848988317674
20040225,1.1442401617119752e-11,0.005609726162358213,0.9943902738261993
20040226,3.163311710366736e-09,0.010541794618615978,0.9894582022180725
20040227,4.07019415851872e-09,0.011319555368516119,0.9886804405612896
20040302,1.4426541002097118e-11,0.006492693057725988,0.9935073069278472
20040303,4.1553227818672845e-13,0.004026534360323223,0.9959734656392609
20040304,1.231833295120163e-12,0.0038895853432196576,0.9961104146555484
20040305,3.96632794399191e-14,0.002739122145897065,0.9972608778540627
20040308,1.1062231823793978e-13,0.0025546172444584907,0.997445382755431
20040309,5.752329389760799e-13,0.002749018374634504,0.9972509816247904
20040310,9.675015919558036e-13,0.0023166876553151394,0.9976833123437171
20040311,4.8341232289874975e-12,0.003942016248058115,0.9960579837471074
20040312,1.1978767246827046e-11,0.005106128890395612,0.9948938710976255
20040315,2.030936601929907e-09,0.007784257523393115,0.99221574044567
20040316,1.6050866231594744e-09,0.01015526953673813,0.9898447288581756
20040317,9.283651083948102e-09,0.011376216914826418,0.9886237738015224
20040318,7.948774962480439e-11,0.005884456147220224,0.9941155437732923
20040319,2.0609897667649084e-10,0.00509760191039239,0.9949023978835089
20040322,9.388351261724175e-13,0.002083713769395072,0.9979162862296659
20040323,8.632251137921819e-09,0.008328917554706492,0.9916710738130422
20040324,4.386221365175854e-09,0.009362392412428873,0.9906376032013496
20040325,1.2250697277994826e-08,0.010603302433858815,0.9893966853154441
20040326,7.479480518989274e-08,0.013221084101567075,0.9867788411036277
20040329,6.691316884259586e-09,0.011935510009050618,0.9880644832996329
20040330,1.3860766218606853e-08,0.01020938687946843,0.989790599259765
20040331,6.067138063982248e-10,0.008077119484723394,0.9919228799085631
20040401,8.396814643933567e-11,0.00661262349046224,0.9933873764255692
20040402,5.198427782003604e-11,0.00577946466874937,0.9942205352792658
20040406,6.075012739058191e-10,0.008165395295341545,0.9918346040971575
20040407,6.68512742582496e-14,0.003059634190123621,0.9969403658098099
20040408,1.5552772154470792e-14,0.002304465142792476,0.9976955348571922
20040409,1.129582259856782e-15,0.002408351789429593,0.9975916482105694
20040412,8.009893431749187e-14,0.0024029351234397616,0.9975970648764797
20040413,3.0388155030546828e-15,0.0018226547011296764,0.9981773452988669
20040414,8.990811123859158e-15,0.0019456931742479248,0.9980543068257428
20040416,2.707438661871563e-15,0.0018273239266287475,0.9981726760733687
20040419,6.525872251597173e-13,0.0028640144351466967,0.9971359855642005
20040420,2.347586835368491e-13,0.003088619642395549,0.9969113803573696
20040421,1.079701179760515e-15,0.0017758708327224747,0.9982241291672764
20040422,2.4591115316043953e-17,0.0011704192761645745,0.9988295807238351
20040423,1.9783201931916544e-16,0.0013757850315576467,0.9986242149684427
20040426,2.3459934032305695e-17,0.001304015893425815,0.998695984106574
20040427,8.757602376287605e-16,0.001284435137528968,0.9987155648624699
20040428,3.0089091766442146e-18,0.0012241749304798227,0.9987758250695206
20040429,2.4953921379790164e-14,0.005412261550331877,0.9945877384496435
20040430,4.773638691631899e-13,0.0033520151907126443,0.9966479848088097
20040503,1.2835528586982846e-09,0.010994729204769474,0.989005269511678
20040504,1.9017126957187195e-11,0.005605962752111497,0.9943940372288711
20040506,3.143707576363821e-11,0.008095363639998583,0.9919046363285648
20040507,1.187116953114475e-08,0.009898790125071933,0.9901011980037587
20040510,2.4977212822543677e-08,0.01454579103544519,0.9854541839873423
20040511,5.210627514561577e-05,0.03445353477259463,0.9654943589522602
20040512,0.00012404760772483282,0.06328992062829818,0.936586031763977
20040513,6.878585218723429e-06,0.06876677102340152,0.9312263503913798
20040514,0.00022325356266051735,0.10292454758636392,0.8968521988509756
20040517,0.003536622681807993,0.22837780745810946,0.7680855698600826
20040518,0.0534785157062408,0.5469561966168364,0.3995652876769228
20040519,0.2323450712989203,0.637355238219872,0.1302996904812075
20040520,0.10722343160014121,0.7991887637396223,0.09358780466023625
20040521,0.1097231728663137,0.8349105041721354,0.0553663229615509
20040524,0.019938338587678125,0.9385642560287561,0.0414974053835654
20040525,0.014445230618170055,0.9103332886408696,0.07522148074095977
20040527,0.003247088950602702,0.9358526986502108,0.06090021239918668
20040528,0.00010575936945700469,0.9497189273435626,0.05017531328698023
20040531,0.00021873271427080057,0.8024508493918106,0.19733041789391834
20040601,0.001189034873142783,0.8143234960173759,0.18448746910948147
20040602,0.0002208220911498208,0.7938752019420696,0.20590397596678042
20040603,0.0009323555161942126,0.8670956681307326,0.1319719763530733
20040604,0.01077865979802792,0.9526012116338488,0.036620128568123606
20040607,0.0054352874800530524,0.9562494160715448,0.038315296448401884
20040608,0.0012633766795027515,0.951068197599805,0.047668425720692145
20040609,0.0006261525719991112,0.9083431868816145,0.0910306605463859
20040610,0.002722397105804561,0.9614917260823848,0.035785876811811085
20040611,0.000760269717868043,0.9586810777424521,0.040558652539679906
20040614,0.03462898951055535,0.9503221817232649,0.015048828766180087
20040615,0.1320310151745045,0.8581516879434488,0.009817296882047261
20040616,0.24916845415363548,0.7426868726967234,0.008144673149641294
20040617,0.30385711324935305,0.6885129495661919,0.007629937184454937
20040618,0.26668107624253823,0.7201701281173568,0.0131487956401048
20040621,0.6650714063203741,0.32839131052305964,0.006537283156566905
20040622,0.7505963336950108,0.2468612463528639,0.0025424199521251268
20040623,0.8720081464775505,0.12678765350881846,0.0012042000136309413
20040624,0.9782473293747461,0.021453522701523807,0.00029914792372994934
20040625,0.9171122566474111,0.08233334010125556,0.0005544032513337124
20040628,0.5289392291057625,0.4672527803182509,0.0038079905759863244
20040629,0.7560191779536196,0.24035604186948623,0.003624780176894343
20040630,0.35316961717963813,0.6133042751379608,0.03352610768240093
20040701,0.06609990634891486,0.9092346953885317,0.02466539826255341
20040702,0.046610893484547146,0.8671773306714193,0.08621177584403306
20040705,0.06658531155611425,0.9235348348084959,0.009879853635389606
20040706,0.11166432584351446,0.8831047821728489,0.005230891983636737
20040707,0.05176963554006158,0.9398791623955335,0.008351202064405094
20040708,0.036075346201072056,0.9554149365501033,0.008509717248824693
20040709,0.14620456648878402,0.8504920490160226,0.003303384495192945
20040712,0.4252745541820277,0.5690493825591064,0.005676063258865997
20040713,0.6213206006430433,0.3747504789855316,0.003928920371425546
20040714,0.7140346555952214,0.2824526121004731,0.0035127323043054087
20040715,0.8583123357426784,0.14020630460788008,0.0014813596494417406
20040716,0.9366640919800239,0.06259023536813206,0.000745672651844371
20040719,0.9652473185574852,0.03417115746521192,0.0005815239773023789
20040720,0.9664081325445237,0.03305377291233654,0.0005380945431399687
20040721,0.9781830598133987,0.02158261519073252,0.00023432499586831598
20040722,0.9695012596131661,0.030140866841653333,0.00035787354518036334
20040723,0.9768903748065663,0.02279273204987877,0.00031689314355500946
20040726,0.98201266998144,0.017721941349378587,0.0002653886691815179
20040727,0.9838963328555881,0.015884520753293833,0.00021914639111796015
20040728,0.9824725677553527,0.017474397039265108,5.3035205382432554e-05
20040729,0.967428414715828,0.03203611537642527,0.0005354699077472292
20040730,0.9776608788897307,0.021830025975419453,0.0005090951348496568
20040802,0.9806519345090449,0.018435863092203145,0.000912202398752003
20040803,0.9892965095424205,0.009675560835925521,0.0010279296216538
20040804,0.9875545356978955,0.01236755084295403,7.791345915024647e-05
20040805,0.9881538932450976,0.007440378109537893,0.004405728645364392
20040806,0.9883321571304315,0.01057612347374309,0.0010917193958248491
20040809,0.9822632088123332,0.014536070795706053,0.0032007203919608923
20040810,0.9823659542089912,0.017353733981481444,0.00028031180952686903
20040811,0.9862668229518857,0.007962053461249044,0.005771123586865574
20040812,0.9833615755420709,0.01361735578075366,0.003021068677175449
20040813,0.8505354214638192,0.14493533386223897,0.004529244673941639
20040816,0.7505063648309742,0.240073069988829,0.009420565180196648
20040817,0.4999777727291951,0.49106868052471275,0.00895354674609243
20040818,0.27788239053197533,0.7139285015107281,0.008189107957297114
20040819,0.102785088403893,0.8860435342822812,0.011171377313825757
20040820,0.00920220394878709,0.9774508453098691,0.013346950741343594
20040823,0.014814193118078123,0.9357347735500062,0.049451033331915965
20040824,0.0037894464014829503,0.9431015407786083,0.053109012819908555
20040825,0.0024949888671948503,0.973161464627901,0.02434354650490399
20040826,0.00014757435071834993,0.923404733210683,0.07644769243859895
20040827,0.00021781928853943514,0.9607417535228612,0.03904042718859951
20040830,0.00029167136621774533,0.9528731020876792,0.046835226546103656
20040831,0.0006793717090561946,0.9532899219644622,0.04603070632648165
20040901,0.0009586256593370561,0.9520392161809575,0.047002158159705064
20040902,0.000200368511131339,0.9439622363148722,0.05583739517399672
20040903,8.31279023068262e-05,0.929694231498269,0.0702226405994239
20040906,0.00014795387502998042,0.9205117194874983,0.07934032663747194
20040907,0.00010918999547655038,0.9081008563676681,0.09178995363685513
20040908,0.00023613741150135969,0.9044468240028681,0.09531703858563083
20040909,0.0003508181830297223,0.9079145397233074,0.09173464209366258
20040910,0.00016908900134539272,0.9052401713546432,0.09459073964401105
20040913,1.899400866898002e-05,0.8660111948670515,0.13396981112427936
20040914,9.605325329117803e-05,0.9349355643030767,0.0649683824436319
20040915,4.9174094281894885e-06,0.9584356408067817,0.04155944178379052
20040916,0.00020444608056351343,0.7393975040277585,0.260398049891678
20040917,2.8443944657800246e-06,0.8651813880682615,0.13481576753727254
20040920,7.956478174048668e-06,0.8948397344372181,0.1051523090846082
20040921,1.2277299525288596e-06,0.9350180684579915,0.06498070381205609
20040922,3.027445006571324e-07,0.9445848724382118,0.05541482481728733
20040923,2.0158684070415933e-05,0.19820495604777247,0.8017748852681573
20040924,0.00011483416390852604,0.8863425128916979,0.11354265294439332
20040930,7.776257736629974e-05,0.9151719725286167,0.08475026489401674
20041001,8.279877368296211e-05,0.8877122293248064,0.1122049719015109
20041004,1.5374978310337023e-05,0.931026021840093,0.06895860318159697
20041005,1.7068440901984728e-07,0.9566304488545421,0.04336938046104876
20041006,2.31329369117772e-08,0.8688709842493295,0.13112899261773384
20041007,2.540725986590667e-08,0.8750556071796493,0.12494436741309077
20041008,1.728953008224034e-08,0.8501582611350041,0.1498417215754659
20041011,1.333920198439874e-07,0.8133647610574753,0.1866351055505048
20041012,7.701941303322619e-08,0.7765242366978249,0.2234756862827617
20041013,4.3926709105438596e-06,0.6841954224993951,0.3158001848296941
20041014,5.838738048128901e-06,0.7985115999772137,0.2014825612847383
20041015,2.5905799828020902e-05,0.8516661539582109,0.14830794024196062
20041018,5.7669801846111366e-05,0.8037697817792802,0.19617254841887377
20041019,1.8221770106321022e-05,0.812433812346313,0.18754796588358053
20041020,4.009641642952321e-06,0.37648758917095215,0.6235084011874046
20041021,3.4253280097831063e-05,0.5795020705756546,0.4204636761442474
20041022,0.001654573648035707,0.8344977599216189,0.16384766643034526
20041025,0.00012309475258744034,0.6736892426048547,0.3261876626425575
20041026,0.0067630271207086475,0.8620416288603218,0.1311953440189696
20041027,0.0005618955209399631,0.06086903518999982,0.9385690692890607
20041028,0.0007332708476295821,0.13902000765735945,0.860246721495011
20041029,2.3341715683653724e-05,0.16669128677146544,0.8332853715128512
20041101,1.7564400736939868e-05,0.21028811544312523,0.7896943201561375
20041102,1.4283516597118861e-05,0.23299408677232197,0.766991629711081
20041103,1.3219372505237874e-06,0.2195592408471621,0.780439437215587
20041104,5.738012642161723e-07,0.15518497735382641,0.8448144488449093
20041105,0.00013719568342347618,0.707473495307794,0.29238930900878235
20041108,6.04581239345228e-05,0.7163296752960823,0.2836098665799835
20041109,0.0002139790260967773,0.7414071207406291,0.25837890023327464
20041110,0.0002772092020124064,0.7488445397016652,0.25087825109632206
20041111,8.850684268543968e-05,0.7458523004069342,0.2540591927503804
20041112,7.809991464204743e-05,0.7434119282056906,0.25650997187966706
20041115,1.9950522266396743e-05,0.6902043351423618,0.30977571433537177
20041116,1.1914949349794638e-05,0.6138806622654159,0.3861074227852346
20041117,2.184081785512803e-05,0.6000291602356097,0.3999489989465352
20041118,9.327263412454166e-06,0.53845060793849,0.4615400647980979
20041119,2.759716103218242e-05,0.5149014257936091,0.485070977045359
20041122,7.10674802472278e-05,0.5087344243082451,0.4911945082115077
20041123,0.0003234020497656418,0.5425670028830669,0.457109595067168
20041124,0.00013266962670044002,0.5553510732731907,0.44451625710010895
20041125,4.124659617873642e-05,0.5394301444076441,0.4605286089961772
20041126,4.530190885318186e-05,0.5334003470093948,0.46655435108175175
20041129,0.00018779515071107013,0.5510105837195415,0.44880162112974714
20041130,0.00010089758773444008,0.5520288600086645,0.44787024240360085
20041201,2.9623553047491457e-05,0.533599865418394,0.46637051102855837
20041202,3.369036927941399e-05,0.5214419915997384,0.4785243180309819
20041203,1.5129061767451875e-05,0.49879034632330677,0.5011945246149254
20041206,1.6589763014380197e-05,0.5375483872532871,0.46243502298369826
20041207,6.293611292043206e-05,0.4595202714053436,0.5404167924817364
20041208,0.00013950653927101545,0.5851199424395701,0.4147405510211593
20041209,4.705632528024734e-05,0.613670611065921,0.3862823326087986
20041210,0.00011888334788763551,0.6376991434419311,0.362181973210181
20041213,0.00042434273232561624,0.6921239959047161,0.3074516613629579
20041214,0.0009696665773899321,0.27110137126799483,0.7279289621546152
20041215,0.0006737426045491629,0.2746063023604496,0.7247199550350013
20041216,0.00012951954736896537,0.280138360158608,0.7197321202940228
20041217,7.701666966353157e-05,0.2828060607815879,0.7171169225487485
20041220,6.810053914724874e-05,0.28373899115045687,0.7161929083103956
20041221,2.8038978393564457e-05,0.2835624947164078,0.716409466305199
20041222,3.332311028198204e-05,0.2824587815592715,0.7175078953304462
20041223,3.253028878704223e-05,0.2783883904335478,0.7215790792776651
20041224,6.405716619314681e-05,0.2735772108104622,0.7263587320233447
20041227,4.92927097126289e-05,0.26930628667243967,0.7306444206178481
20041228,6.746278962255274e-05,0.26496968715853075,0.7349628500518466
20041229,6.063792019761593e-05,0.25826576188966227,0.7416736001901398
20041230,3.4872641267617465e-05,0.2503427685918323,0.7496223587669001
20050103,1.036465790134465e-05,0.2402800257787467,0.759709609563352
20050104,1.3607357839135372e-05,0.22806891151284853,0.7719174811293124
20050105,2.885243039283227e-05,0.21880968638454484,0.7811614611850625
20050106,3.3468726631271414e-05,0.9518530770663295,0.04811345420703949
20050107,2.994357937491841e-05,0.22526944466909699,0.7747006117515283
20050110,4.0516613231879755e-05,0.23662595722529203,0.7633335261614764
20050111,2.77147441711809e-05,0.2929144052761989,0.7070578799796295
20050112,1.0790564563966435e-05,0.5683360864562156,0.43165312297922004
20050113,2.3034518621887203e-05,0.9661041316270733,0.03387283385430446
20050114,3.2385616878080494e-05,0.976013487626498,0.023954126756623586
20050117,6.297137370525002e-07,0.8232558271391404,0.17674354314712246
20050118,4.0689897830378294e-08,0.766189456449003,0.233810502861099
20050119,2.943457263926804e-09,0.19825189346684866,0.8017481035896941
20050120,6.956558900212835e-10,0.050946378181043715,0.9490536211233007
20050121,3.41685345091138e-07,0.15295058204412254,0.8470490762705322
20050124,7.282919640173619e-08,0.1348527400435591,0.8651471871272441
20050125,7.821208797005142e-11,0.024893776183051008,0.9751062237387375
20050126,1.0140817714395927e-08,0.01807485461553503,0.9819251352436473
20050127,2.128347894198835e-09,0.15801534151346303,0.8419846563581888
20050128,3.35053797521067e-09,0.9999759409389674,2.405571049437794e-05
20050131,1.1070454052710473e-08,0.9996501065375137,0.00034988239203178565
20050201,5.523375964597482e-10,0.9994941472707859,0.0005058521768769002
20050202,1.0031697637443134e-10,0.032053616501754964,0.967946383397928
20050203,8.3757117663865e-11,0.03315797998313344,0.9668420199331094
20050204,2.416326282578e-11,0.021280640826374292,0.9787193591494627
20050207,1.3739564014610559e-11,0.025453157072039136,0.9745468429142212
20050211,8.542161932066696e-13,0.030092127244794962,0.9699078727543506
20050214,6.669807133177098e-11,0.9965458634330134,0.0034541365002880805
20050215,1.1986303900077696e-12,0.9848974904545914,0.015102509544210163
20050216,3.11278023978279e-15,0.005126927115020788,0.9948730728849763
20050217,1.0816614941107804e-15,0.004458977789152536,0.9955410222108465
20050218,7.965127322979835e-16,0.003507372895171291,0.9964926271048274
20050221,3.8529215014769486e-17,0.0024329741600679555,0.9975670258399316
20050222,1.1544648015705879e-17,0.001757700373428849,0.9982422996265711
20050223,3.578307074616518e-16,0.002214769663891836,0.9977852303361076
20050224,6.963401970872732e-16,0.0022269700040930544,0.997773029995906
20050225,1.0056631522040743e-18,0.001706610105074744,0.9982933898949256
20050228,3.0081536970618486e-21,0.0011866254137895978,0.9988133745862108
20050302,5.0899595347816524e-24,0.0007428603186334816,0.999257139681366
20050303,1.6157287484573528e-23,0.0007421396167758809,0.9992578603832241
20050304,6.689884622340691e-24,0.0006588147673740648,0.9993411852326262
20050307,5.225713210988584e-24,0.0006014164598330171,0.9993985835401669
20050308,8.381691610045223e-23,0.0006977604607115359,0.999302239539288
20050309,2.844960547356716e-21,0.0008048278953546271,0.9991951721046453
20050310,3.653534168585826e-22,0.0006328980790955667,0.9993671019209048
20050311,1.844447693809438e-20,0.0008159828125054409,0.999184017187495
20050314,6.165296266890436e-19,2.870782435688363e-18,1.0
20050315,2.4244375663981857e-18,2.4113362331867295e-19,1.0
20050316,1.0409944134099611e-14,7.027175087919776e-20,0.9999999999999893
20050317,1.3045684217510918e-14,7.591499662109358e-17,0.9999999999999867
20050318,1.6800783563334492e-13,3.47797930678456e-17,0.9999999999998321
20050321,4.224358460707792e-17,2.9089855177876e-19,1.0
20050322,1.291776664576726e-17,9.792620045953725e-20,1.0
20050323,5.4369352405713866e-18,7.421993246899741e-20,1.0
20050324,2.3852169427836587e-27,0.0013929786110396288,0.9986070213889601
20050325,3.074964972930982e-14,1.0657201561790397e-17,0.9999999999999689
20050328,2.915481095028104e-16,1.2257084649976405e-16,0.9999999999999991
20050329,1.1883661222772218e-19,4.393074650960286e-17,1.0
20050330,1.2712109312639209e-18,4.386852497918802e-11,0.9999999999561313
20050331,4.315457758240673e-16,1.0701615150176162e-10,0.9999999998929838
20050401,2.7408960012136454e-32,0.0014927183934726773,0.9985072816065274
20050404,1.5147709962297236e-39,0.0006838358500808444,0.9993161641499189
20050406,3.8932676583893356e-37,0.0008801760976945943,0.9991198239023049
20050407,2.57272777554313e-36,0.0005262053734893115,0.9994737946265105
20050408,6.924113954219559e-39,0.0004819394567940685,0.9995180605432061
20050411,1.443209560503588e-39,1.6608573616025963e-05,0.999983391426384
20050412,2.8316092611224653e-34,0.005642269324188218,0.994357730675812
20050413,1.4866410546941794e-23,1.2571194460873525e-07,0.9999998742880557
20050414,6.582419189459749e-37,0.00012537544656946917,0.9998746245534308
20050415,3.1389927643044225e-19,0.002386964012414656,0.9976130359875857
20050418,2.0097587646123873e-07,0.010690454506349915,0.989309344517774
20050419,8.224461394708546e-14,0.006582062263133398,0.9934179377367846
20050420,7.841219301466545e-08,0.029696599966522012,0.9703033216212851
